17 78 6 14
5 1 28
5 1 21
17 7 33
15 5 44
4 8 26
4 12 1
1 9 54
4 11 94
11 7 53
15 7 99
15 11 72
2 10 64
17 16 46
4 13 34
12 3 95
17 16 12
3 16 50
12 9 3
17 15 75
6 4 96
17 4 22
1 12 70
7 5 89
15 2 37
8 4 33
12 10 98
10 5 49
8 8 12
7 1 42
13 5 73
5 2 74
14 11 91
4 3 52
5 8 35
2 9 50
3 17 97
13 14 67
10 14 67
17 17 32
11 5 55
13 5 85
14 16 94
12 1 34
12 2 53
2 1 70
7 4 51
4 17 14
17 2 3
7 15 28
16 5 75
4 8 95
13 13 90
15 17 54
14 8 3
17 16 28
10 3 69
17 12 74
12 16 23
7 10 49
8 2 32
7 8 20
3 10 28
6 4 82
6 1 97
14 5 65
8 2 44
6 10 64
7 9 94
16 1 76
9 1 81
14 5 25
3 7 37
3 11 33
3 13 95
2 3 34
17 10 9
8 17 100
13 14 43
