26 142 17 22
23 25 64
9 17 11
18 20 53
14 21 49
2 17 32
17 26 54
5 14 41
15 24 18
1 21 13
15 7 59
13 1 18
15 15 58
13 5 74
2 22 1
24 14 83
14 2 6
9 9 72
6 15 35
9 21 43
3 1 96
13 11 45
1 25 4
25 5 6
21 25 59
4 22 44
18 23 36
2 8 61
7 22 34
8 10 96
21 18 43
20 13 36
20 5 2
10 19 55
24 22 47
9 3 32
3 26 88
19 7 78
5 5 58
24 3 84
24 14 78
21 19 54
4 7 84
14 1 83
8 25 73
20 16 37
9 18 38
9 22 42
2 5 11
3 24 29
19 20 95
25 4 10
25 20 81
5 12 69
19 13 51
10 2 25
22 26 11
1 21 34
16 20 61
13 13 10
24 10 11
5 16 32
23 12 58
6 22 86
8 26 99
6 5 61
14 21 91
13 8 2
12 10 50
17 24 97
7 21 73
13 4 25
23 9 1
1 9 91
23 10 68
23 9 86
19 11 94
21 18 55
23 5 36
2 6 21
5 9 33
4 18 33
20 7 88
15 13 29
8 18 46
12 13 21
20 17 97
5 23 3
14 7 86
15 19 88
16 22 25
3 26 41
24 13 70
3 25 66
6 8 37
22 1 5
14 2 36
23 1 52
3 7 51
20 22 19
21 11 43
9 5 49
19 4 24
18 26 65
11 5 22
6 22 44
22 15 1
3 3 26
14 9 9
9 15 40
20 12 92
18 14 70
3 7 76
15 17 55
14 21 26
11 12 11
21 11 70
15 8 42
7 22 78
6 1 43
5 16 32
9 23 10
8 25 99
22 8 89
14 17 54
1 10 7
15 1 2
26 26 89
17 3 15
7 17 74
21 21 39
12 17 88
23 10 53
10 13 85
25 25 90
1 5 68
3 18 35
9 5 37
11 15 42
21 19 12
7 12 81
25 9 28
6 26 85
