89 3128 86 73
69 25 8493
77 49 7001
73 42 2627
88 73 7981
12 65 18
79 80 5850
25 72 3606
58 48 1322
8 65 2167
45 67 3614
73 76 954
60 36 6685
66 31 3025
26 65 3920
42 81 2310
3 64 7559
15 39 9695
63 87 9587
38 77 3952
45 52 4647
4 41 9082
2 59 5492
21 35 5393
11 21 8361
42 55 3507
8 6 4894
86 32 4616
75 2 7284
39 59 265
6 83 1102
58 73 9361
36 38 8799
18 46 3241
55 42 9481
49 32 5862
53 70 8964
3 33 1851
11 58 9354
60 17 4647
75 27 3800
89 15 8170
10 43 368
47 69 2917
78 23 8617
67 40 7538
72 61 7768
16 77 2069
65 68 9881
65 29 6272
52 89 88
58 2 5554
8 24 5435
74 48 8982
64 60 9868
20 88 4242
40 88 3292
35 74 4238
70 23 5812
45 80 5902
52 75 980
50 48 7504
45 71 1453
65 23 235
55 11 5469
11 86 886
65 8 4911
46 22 8877
67 59 4771
82 87 1823
69 79 3112
49 61 6862
24 57 4910
19 22 898
62 82 5048
28 65 8187
17 22 9052
69 34 2422
26 85 5757
26 58 8768
29 49 6978
10 53 9198
4 38 6223
57 47 3252
72 10 2564
54 10 3001
16 2 4718
6 44 1750
63 34 579
11 83 3498
69 14 4155
2 88 2329
59 19 4583
64 52 4741
60 12 7317
83 43 7198
47 49 4014
6 51 1787
13 89 8198
8 43 9328
71 45 4116
35 64 5943
19 65 1309
61 62 8069
28 34 6452
19 36 4761
39 67 6301
9 3 35
32 61 8286
6 46 2786
66 70 3414
53 25 896
14 21 1977
88 5 4896
76 27 1123
59 27 2206
47 14 9723
5 83 1628
3 19 9796
53 16 581
29 41 7110
44 85 913
30 79 5948
12 82 5523
74 44 2518
74 75 9647
69 21 3406
42 53 1665
5 31 729
88 47 2273
76 24 3460
45 21 8183
71 86 1198
63 52 874
61 10 5425
31 28 8546
80 81 3170
74 2 7366
56 57 6456
47 56 9508
57 74 4871
17 10 6096
54 56 1868
83 36 5564
81 29 8805
81 61 9599
45 80 9897
50 33 887
37 48 7158
1 86 4934
61 33 6611
8 37 3095
49 51 9949
32 87 2075
45 30 2591
86 23 8722
13 31 231
84 55 9479
44 25 7263
33 18 285
59 21 3782
49 79 174
57 55 9570
13 62 9721
88 16 6777
54 44 8401
35 11 843
17 53 9966
43 83 1680
45 41 5058
39 52 9824
21 46 3735
78 64 3919
89 73 4935
67 80 5078
12 68 5118
2 20 2640
32 17 5506
54 37 4108
45 72 9384
7 31 607
85 48 879
85 86 582
73 43 5811
79 15 800
64 42 9615
3 36 5771
17 14 5711
10 76 4196
8 5 2147
20 14 6497
65 5 8330
49 66 8748
59 65 2060
43 9 775
86 1 6000
49 61 4333
43 64 2659
69 74 4707
15 57 3697
82 62 3238
35 34 5684
15 21 1630
65 71 3156
36 42 6030
52 73 4239
54 16 9837
83 60 6060
25 43 2225
88 43 3553
57 48 66
15 29 26
86 68 6828
3 5 2543
7 7 1650
9 12 4947
4 9 3239
66 56 9365
16 29 5320
71 88 8050
4 77 1907
56 21 7917
9 64 9851
41 85 768
27 42 8613
87 22 3235
17 35 7148
53 37 2386
73 43 6674
78 9 2904
20 11 5298
65 62 8035
69 87 2044
48 22 1364
2 17 7385
78 60 1523
16 63 5596
51 61 9601
5 43 5769
20 60 1823
61 2 2016
8 33 3413
53 87 4995
14 1 8451
71 53 1911
62 68 8127
79 14 898
66 9 8109
83 7 1019
75 42 5893
60 85 1360
63 80 6146
33 48 1886
38 49 6637
7 27 598
6 60 9494
61 33 1000
63 55 505
51 45 1368
19 6 327
7 14 2096
88 58 744
2 37 960
14 63 971
73 8 1402
20 41 4650
44 21 746
7 8 4827
57 24 2497
1 79 3428
64 50 8097
87 27 2767
28 72 2805
59 61 9028
70 33 8104
76 66 9147
50 22 9126
61 74 5414
57 39 6700
41 45 906
16 88 5298
31 29 808
71 27 9384
87 43 8185
15 56 6444
86 74 1577
11 80 377
14 57 6102
49 63 8173
12 67 9416
56 25 868
86 33 1817
37 85 2688
73 44 8444
33 30 5636
68 8 4659
49 76 2024
29 37 5135
53 28 7353
22 4 3446
27 40 5941
62 64 8784
44 65 2110
67 67 1716
22 56 8328
66 31 313
19 5 2281
81 40 8844
8 35 3843
71 54 2844
30 29 5800
10 10 2034
12 39 6341
74 42 1685
26 18 2411
19 64 5661
29 11 612
80 51 2827
18 87 3661
9 17 9110
66 45 2572
38 52 7016
89 45 5063
23 13 3855
1 16 1560
34 67 7851
83 27 3335
40 56 5409
73 24 2031
55 69 8378
59 88 4829
58 63 2762
79 47 624
39 35 1086
74 65 1463
53 8 118
43 46 9729
28 8 5913
2 88 701
68 2 5884
58 61 9685
65 30 8442
23 1 2240
12 62 3724
48 48 7356
67 12 2068
56 73 7135
47 16 615
41 76 1520
44 47 8362
11 13 7754
67 52 8431
63 82 8509
89 59 9087
78 87 9818
27 72 592
21 25 7313
43 8 5933
34 7 6433
34 67 4766
4 37 4181
65 77 1444
81 87 1711
41 24 4240
2 59 2267
18 61 869
41 42 9877
12 47 9116
21 45 4488
51 10 5982
20 41 9149
67 68 3621
89 61 5764
21 59 887
21 79 3961
38 33 1297
28 53 3424
41 49 7005
19 11 2236
51 6 1167
51 21 1783
6 27 4047
75 36 2791
50 88 6441
67 17 7705
17 75 7383
9 58 1909
19 33 117
19 39 7876
37 8 4779
67 75 7369
89 39 5666
3 46 8644
6 24 2900
59 89 4054
71 47 9888
13 1 380
67 65 6557
3 58 3903
41 38 2320
20 85 5798
41 65 4943
15 36 3696
66 3 4253
14 65 520
31 20 8443
34 9 669
59 68 2538
25 52 9799
20 76 5817
28 6 5611
32 86 3213
50 54 9505
48 48 5329
48 83 4508
19 76 2443
20 33 6518
33 21 695
27 41 8399
54 39 438
21 15 6663
87 16 7132
65 49 1415
78 84 740
40 14 226
69 21 4514
86 83 1595
65 62 2257
88 85 2733
1 18 622
40 63 2926
22 49 7496
50 28 1489
12 6 7652
76 24 4095
85 13 4988
12 71 7881
23 82 7263
48 17 436
38 87 4925
41 37 8075
79 19 3792
82 52 8835
83 63 5960
15 39 2118
89 87 5544
75 4 8706
5 89 5439
16 50 8717
42 87 1016
49 12 7265
42 61 9035
29 64 884
7 4 9784
89 46 9444
44 7 6782
76 57 1145
19 56 2326
33 24 7749
54 68 4445
83 32 884
65 31 4497
18 10 7465
42 25 6572
41 15 5730
44 5 3238
41 52 2082
27 75 1884
5 9 2799
12 44 5850
33 23 6934
57 74 98
55 69 8323
45 2 4952
28 83 2702
2 7 4698
19 42 2542
75 32 381
84 67 9553
2 7 3051
21 5 5479
18 10 1841
75 52 5698
10 63 2235
6 26 3233
74 17 184
72 40 2392
85 27 278
1 85 8255
11 39 3881
7 19 685
16 85 1162
72 76 4651
86 53 6429
2 7 9801
63 1 1174
84 60 3938
60 35 2332
76 10 304
62 38 8771
46 43 4018
43 70 7828
34 73 3898
69 9 6627
78 23 9718
62 33 4827
83 62 9985
48 9 2489
48 63 257
54 13 646
57 28 1280
29 22 8136
36 73 9850
58 60 5402
62 78 107
85 33 4144
37 32 5736
25 5 899
57 74 2330
31 53 1877
52 8 3054
2 57 2690
11 77 7786
5 8 9361
23 31 2105
38 24 7019
53 21 582
12 44 9853
70 28 2327
65 83 4302
65 49 8929
27 43 27
66 36 8538
9 41 1942
77 69 3432
71 55 7
80 70 6078
60 54 7680
23 7 9911
39 19 8478
23 85 232
2 1 5038
70 5 952
69 59 4942
1 35 5056
27 73 972
28 46 8883
15 28 2176
44 17 5904
14 23 9617
38 15 3091
42 22 7459
8 10 7213
89 27 3769
80 49 2885
2 36 2074
61 15 645
86 80 4754
75 86 1591
18 88 8088
27 39 5595
67 58 7253
55 7 9039
23 86 1642
52 37 7151
72 39 2055
62 69 2169
20 45 965
82 16 1394
4 80 9280
9 15 917
47 57 6817
83 39 3993
84 63 1834
50 62 8465
72 60 2949
32 25 6191
19 61 5485
36 63 1331
77 18 2596
80 13 2272
60 12 3610
75 80 2410
23 8 1527
39 78 1508
28 13 871
72 50 3494
36 82 5645
59 40 3161
56 84 8778
9 57 3605
87 20 1056
31 54 7540
52 14 8024
4 80 6463
21 1 1849
18 18 6138
17 60 7151
34 4 645
66 38 550
47 7 1530
11 44 1361
53 69 5126
71 72 505
54 74 5789
46 14 9972
72 2 2082
27 38 260
79 19 8529
1 47 5687
89 84 4275
58 46 1140
46 49 4402
60 52 3575
72 2 8088
84 54 8283
10 60 2427
77 33 9251
64 88 4644
19 77 6961
3 53 796
4 57 9515
27 56 4071
14 43 8093
15 6 6604
56 61 2191
81 13 716
40 52 2191
33 33 1105
18 42 1334
40 1 1155
8 49 6114
78 31 2526
61 30 2701
35 68 2176
85 85 3088
68 39 6429
51 31 7971
32 50 7363
52 26 7445
54 85 9213
47 4 4290
74 34 5450
44 26 695
61 86 5645
45 79 4255
2 37 756
15 55 1621
65 22 26
23 68 133
20 24 5048
74 8 3456
10 38 4022
20 49 6350
88 42 4966
60 45 5463
32 19 4170
48 69 2371
52 73 524
87 26 3062
15 26 382
36 6 8293
36 46 2668
89 15 8096
42 60 2294
44 12 2508
87 57 5387
35 49 1420
65 71 7743
70 59 9471
24 7 1005
19 54 9230
8 68 5562
33 69 9973
66 59 1808
79 2 855
65 23 7609
59 61 3819
69 22 1111
3 41 6830
5 69 2841
12 57 9013
51 41 7097
28 61 8640
77 51 3263
11 4 2714
80 57 6633
40 52 9125
56 33 7958
76 20 8843
85 19 6599
64 43 2628
59 89 1623
49 77 5139
12 29 8679
42 71 9402
83 72 8922
54 65 1493
1 63 1760
29 40 134
81 24 2588
66 15 6001
34 37 1464
67 36 40
24 72 6770
79 30 5688
74 7 5054
77 52 5594
66 5 2926
39 14 17
22 61 8217
36 84 4430
75 36 8512
24 48 124
72 85 704
51 75 3802
47 82 1039
31 20 9927
69 43 9481
11 27 9201
29 16 1399
16 3 4463
37 9 3334
74 66 6834
58 36 2438
46 3 3033
55 53 8285
50 85 2630
30 77 2370
12 52 176
59 54 3047
4 61 2710
65 39 2077
6 89 1440
82 68 3867
16 1 8459
87 36 9436
25 33 5891
72 80 7804
87 41 3897
86 56 8020
58 53 1260
48 60 1201
40 69 6333
35 74 9319
25 75 897
34 70 2228
82 44 9077
70 88 9822
1 8 7198
17 24 9518
61 10 5505
5 58 7031
60 9 2519
61 82 7104
23 25 3240
12 65 9761
75 78 9325
85 62 3413
60 72 1773
34 82 6
67 56 3973
67 69 215
31 84 7635
31 49 1113
16 28 4788
35 41 5103
50 58 2766
80 36 7568
77 38 8239
35 49 4658
9 33 828
53 42 4803
50 66 1
34 19 328
67 39 1378
80 39 4950
64 20 8573
31 45 6174
73 59 9611
31 63 4180
62 59 6086
7 59 5583
74 73 7550
24 59 7565
41 15 572
31 52 735
75 78 4414
1 86 8786
32 75 8185
44 66 8824
84 77 519
23 45 6606
31 41 877
42 59 5145
19 81 2247
8 23 2855
1 34 166
3 44 5964
68 62 8170
54 17 9814
71 4 7427
3 23 9430
4 15 4763
88 50 1748
68 56 7658
81 17 7621
76 58 8103
39 70 8037
63 72 3591
15 9 102
68 74 3858
73 42 1401
42 47 503
75 80 9348
35 47 3471
62 8 7585
58 21 2149
12 46 6264
85 49 9004
49 20 8496
68 1 8901
70 8 7646
40 28 5020
52 82 1587
81 8 9311
74 2 7236
46 58 8888
52 3 1489
84 39 6813
64 16 1769
25 31 6808
38 61 2230
65 6 8583
82 54 2387
51 36 1853
21 58 2813
60 42 4158
45 10 6241
5 6 4738
11 29 4781
19 31 663
81 80 2483
41 29 9124
42 7 2566
22 72 2250
22 69 855
45 76 6638
63 78 1851
13 70 5051
41 36 2181
29 25 3433
38 80 3362
4 80 1415
33 15 302
68 60 52
58 4 6235
60 58 9203
60 64 9569
9 75 8751
80 20 7758
46 26 6321
47 57 6206
59 88 7742
61 12 9976
56 69 6644
30 87 239
16 52 8795
39 50 1287
77 18 1157
26 58 2179
71 6 8140
42 77 4324
63 6 4933
4 78 1005
56 87 4951
34 31 2545
77 31 8246
23 13 1901
47 25 1810
83 86 4228
4 10 3045
22 56 1726
17 82 206
56 39 1650
44 46 9721
2 26 2816
42 29 86
73 55 7551
4 42 7521
19 3 1671
63 34 3572
52 15 7894
69 28 8171
86 86 5796
56 45 6965
38 62 6693
79 10 2513
3 33 7218
19 88 3901
15 25 411
63 86 8824
76 7 8724
51 60 3165
15 48 5988
10 76 1354
58 76 2574
60 28 2499
80 14 8931
76 2 7763
24 86 3729
57 55 8978
76 88 7058
34 53 1403
82 3 6283
30 41 5139
40 41 8183
38 27 4003
7 46 6814
49 71 2059
43 63 1640
35 85 8898
24 70 5055
55 71 5631
56 74 6385
65 68 1426
43 56 9891
56 40 7396
7 44 9587
73 26 294
9 43 5702
78 53 491
40 46 2751
65 55 3518
30 23 3068
80 9 524
57 18 2659
60 73 3613
77 37 7771
64 73 7938
60 71 1413
51 69 2425
7 36 6569
38 73 6759
75 27 3486
36 57 4133
6 30 4755
78 69 1824
42 75 4969
81 49 4027
30 25 3981
43 11 4299
26 37 9245
26 89 542
82 76 449
22 32 7751
77 4 7047
50 52 8574
71 28 674
22 5 1653
89 65 8811
72 14 3899
11 59 2816
21 62 2429
51 86 9133
42 19 1183
11 37 6930
31 35 1699
79 79 8475
58 54 5831
26 30 4703
79 3 3514
14 20 9629
45 68 7281
10 75 1789
85 80 6233
75 20 5137
82 49 6748
41 87 2494
89 75 9933
81 65 1648
22 40 1915
87 88 1608
9 75 4830
32 22 1285
78 8 7323
16 52 5028
85 52 8838
34 60 6416
35 10 6151
74 73 5930
14 50 6510
29 53 1926
8 18 441
4 18 9371
78 41 2427
44 66 1403
53 82 5652
36 31 398
8 66 8488
21 76 8370
8 39 4702
80 32 2384
30 56 2021
8 15 9781
71 28 4195
48 68 822
79 14 2639
87 89 9969
14 58 3495
78 40 1301
47 65 6913
54 4 2276
73 33 7675
86 76 9813
13 32 5836
23 44 554
6 20 1155
83 39 5185
34 37 1106
51 85 7588
19 51 4118
42 54 738
74 3 5672
31 89 2826
76 19 8535
73 36 5388
66 2 8204
87 36 2435
5 78 3107
51 40 3626
69 21 6228
68 89 2994
34 18 4588
30 21 1814
23 14 2329
5 21 1860
7 4 149
69 80 700
28 7 8147
8 50 1655
80 31 4590
53 48 9424
32 9 9062
46 15 5774
47 55 6433
44 5 1548
12 21 1964
37 18 2787
69 75 2685
51 10 991
51 48 1780
57 39 4683
43 64 4786
76 40 4083
1 5 5307
59 16 3888
60 38 8302
34 65 5646
43 80 6329
46 12 3356
77 54 2087
88 44 5131
57 23 6111
51 11 402
47 80 9657
18 75 442
47 11 8319
62 5 1345
40 19 2785
43 86 4054
53 17 7387
36 72 7436
45 79 7290
34 78 7094
7 16 7682
71 80 3780
9 43 5671
50 30 5366
4 29 2023
10 81 55
62 2 1298
41 75 39
6 81 4164
21 55 7309
70 19 52
60 13 2244
4 48 207
11 40 3825
62 79 8597
47 39 8599
10 63 1146
87 34 1853
26 66 9013
6 58 7964
50 31 4560
2 46 2218
65 46 4507
28 64 7700
48 8 9950
44 60 7510
30 14 6558
38 17 3581
6 85 6384
64 19 3031
65 70 2050
77 3 3760
81 74 158
27 43 1727
18 1 7988
49 25 2651
7 51 8981
79 47 144
8 82 2344
16 9 832
11 6 409
28 80 8867
64 80 2466
23 22 8798
78 7 395
23 84 1524
8 68 1476
3 84 6383
86 14 311
30 18 1104
84 81 8199
89 1 9075
58 24 6625
10 5 1314
84 85 780
60 62 6699
36 52 496
20 17 7882
16 54 6580
41 25 2040
30 82 8090
45 26 3263
6 17 830
76 53 5317
46 83 7185
81 70 6072
49 85 1105
81 71 2082
57 2 8270
12 74 7173
69 83 985
42 58 3859
48 30 2141
56 60 9315
18 16 9702
87 46 3993
51 53 7288
15 42 512
31 2 1571
4 60 8655
25 5 7560
75 38 8076
7 41 772
3 49 2712
42 67 2584
84 80 9666
78 28 8851
51 26 2536
36 30 6539
10 8 6549
48 57 316
75 20 3328
22 50 689
28 47 366
7 48 7094
56 26 6878
63 32 7237
70 27 1525
11 9 7860
20 86 3476
1 24 9482
25 53 8206
57 28 2813
33 65 6055
23 6 5366
21 51 8567
25 75 6248
31 41 2604
29 46 1999
46 38 1727
53 83 1179
15 88 8751
42 12 8868
49 74 761
38 11 5749
49 28 8724
34 3 4110
1 86 8354
23 37 5065
15 61 6754
16 80 9672
33 32 319
24 81 349
71 22 1404
40 39 8220
48 87 1211
3 26 5811
30 45 2
42 17 7632
64 52 9359
37 84 8984
13 10 2248
79 49 1904
44 27 2179
41 89 4923
72 81 6342
84 38 8333
72 76 5861
15 35 2783
81 1 2240
5 12 5333
86 2 3512
25 35 2403
36 84 6454
40 73 1828
89 12 5407
21 18 2800
72 37 7023
1 19 5339
84 28 6938
53 41 7269
87 12 114
53 58 3103
86 31 2560
25 53 1615
51 54 293
3 4 9957
1 33 78
88 53 2381
84 9 5466
61 25 7931
71 15 6335
19 81 2018
22 43 5575
15 26 8986
43 14 972
55 64 5915
4 66 7317
71 69 8138
13 20 1463
77 78 6803
74 40 1644
3 63 2261
55 30 3315
62 67 5011
65 51 6301
6 6 4576
88 46 4822
33 44 8415
18 62 3120
52 49 1799
31 81 4082
53 17 2047
88 72 9823
14 14 5048
79 8 432
34 24 9707
5 89 2387
64 82 9330
62 72 8655
1 75 4778
54 38 6030
52 67 2078
82 77 236
28 6 2396
17 32 4536
39 67 3870
44 61 34
46 12 3125
72 51 798
47 42 2421
19 72 1123
53 33 924
78 2 4089
20 33 1910
79 43 1528
5 74 8580
69 47 3739
82 28 3024
14 34 7302
76 21 6970
16 54 896
86 12 1481
13 76 3090
80 49 256
63 12 7842
40 31 2571
31 1 3815
39 20 7032
77 57 141
42 38 6700
76 7 7734
85 42 1412
41 43 8133
9 10 6257
23 80 5405
44 82 8973
20 11 276
25 47 3861
14 70 523
44 67 2626
18 84 3353
2 79 6597
79 32 1619
43 18 2883
18 72 3982
53 33 5871
71 52 415
73 83 8653
64 42 8969
65 45 9164
53 71 2168
48 30 5192
71 84 1526
22 78 3771
58 89 211
32 67 5950
13 2 7043
18 23 4975
56 17 9150
38 10 6654
80 5 1611
76 10 2123
53 13 3819
18 68 9426
77 37 199
28 1 2732
41 27 1676
29 42 9117
18 19 4003
62 64 8726
60 3 1008
9 60 4761
29 46 2461
22 19 7699
62 23 1822
48 33 1070
34 76 260
46 3 2665
20 72 9648
14 84 2278
3 81 8639
63 25 5531
43 54 2530
67 82 465
60 68 6251
89 24 3283
82 47 5259
35 41 7459
73 6 2281
4 2 3181
46 66 1131
14 86 3990
55 68 455
81 61 2582
47 61 5286
50 26 5773
54 19 7102
21 55 7078
71 17 2672
64 29 9157
48 40 828
12 10 6859
34 51 6394
56 27 5842
83 54 7587
12 75 2231
1 84 5020
3 11 7928
87 65 5763
75 74 7740
52 29 6307
27 25 2472
21 9 5844
7 5 743
74 48 2525
87 76 6989
63 1 214
51 18 3258
17 43 9299
1 89 1847
52 14 7628
69 59 5885
32 16 8247
37 51 9575
64 80 7622
40 16 6455
4 8 2383
36 80 5067
6 27 159
74 37 2648
2 43 7505
21 36 2236
83 68 4856
43 57 4650
85 46 4527
54 62 8149
29 61 4643
46 85 3849
22 59 6597
82 66 9318
19 7 7858
59 47 7936
1 17 2112
69 67 6522
43 15 2896
83 2 8422
27 44 4546
60 32 9621
47 5 5856
49 58 2168
37 68 6964
55 12 2145
11 2 3605
65 14 5095
7 26 7243
13 3 9065
6 27 2435
34 60 4580
79 48 2766
12 37 1734
18 27 5445
13 84 4410
30 47 4615
66 21 2154
72 84 4094
23 82 7117
59 34 665
43 15 1003
21 34 1524
19 13 2913
47 25 192
43 4 3458
57 57 2281
18 71 2557
2 57 3424
68 62 7684
11 64 1324
80 38 1041
74 40 4775
41 34 2800
20 41 8449
32 22 7108
11 28 5828
86 83 8425
27 13 9948
67 79 6131
68 44 8653
24 6 469
17 79 4276
18 19 7494
47 59 9803
40 86 630
20 88 2710
20 63 6804
35 8 7930
83 18 6760
78 63 6615
51 39 8970
63 32 9166
50 78 9692
74 84 9806
27 38 6935
50 83 472
56 51 915
76 17 4833
40 54 602
62 69 4009
34 76 719
75 15 1872
69 27 6079
71 74 422
70 7 4390
40 83 8864
58 52 7640
1 52 5341
56 7 1191
75 54 2841
37 45 4856
69 14 1271
32 79 2449
68 58 897
22 64 7125
55 61 7663
6 87 3649
44 64 8154
87 5 5886
44 53 5170
59 36 93
52 87 3322
41 25 4617
76 61 4568
22 22 8238
19 88 282
42 36 130
16 15 3122
51 6 146
80 7 9682
46 39 2465
42 78 2276
15 72 9121
57 64 4499
23 79 2634
22 75 1413
4 12 6303
24 72 8037
32 14 3018
63 5 2358
63 9 756
55 2 3218
39 21 7679
69 18 4911
73 82 488
62 43 7347
81 36 5097
49 11 6224
27 74 1425
59 23 2730
45 13 5487
21 78 2311
36 11 5777
39 24 720
23 85 2628
36 50 1581
33 14 2171
16 22 8496
60 9 3867
20 32 2087
35 18 1958
50 35 1059
55 40 8232
45 84 6810
33 23 7893
21 71 2846
49 36 7576
44 12 2542
74 15 3876
18 67 5273
49 67 3891
1 7 1142
14 23 7863
87 6 2930
39 21 7088
36 7 3183
76 46 719
44 30 4274
17 59 2729
66 25 7240
76 60 7790
26 27 8302
68 8 5520
2 19 6353
29 51 2557
26 59 5377
38 7 8497
59 43 8487
67 13 5754
76 70 903
1 12 1754
72 26 5103
25 54 9511
6 41 6029
34 87 4920
15 11 5297
27 47 8000
74 81 2536
60 12 2787
75 71 1319
60 54 9261
13 40 2708
18 76 603
42 45 3367
38 14 296
89 47 5807
2 51 6115
22 67 7950
73 18 8864
80 5 693
80 26 9966
4 45 2637
88 2 3614
4 19 1485
9 59 3674
47 46 8088
62 28 4295
43 72 9460
59 40 7418
4 48 4813
16 17 7524
4 26 5944
11 48 3479
28 2 930
24 79 9389
2 15 7256
38 1 9240
65 57 5603
17 35 4684
67 7 1178
8 82 7296
31 17 3514
70 72 5264
86 14 7006
25 40 425
73 36 9808
56 46 1808
37 2 4898
78 7 8336
61 48 9331
37 20 1298
54 52 149
82 75 4752
69 32 8985
65 10 8507
44 74 8112
1 57 946
81 83 6565
43 43 9978
44 67 737
56 8 1509
12 81 3655
89 67 6447
6 29 8506
89 85 2041
85 20 9352
61 86 2225
59 87 235
41 5 2066
57 48 2999
45 42 1920
52 14 4524
20 54 6842
23 57 1454
3 76 7047
36 62 1501
55 60 327
45 78 1417
56 32 4886
9 61 9698
58 17 638
68 74 6776
40 35 3981
18 7 7321
12 37 3655
32 7 1955
11 35 8045
61 58 4926
76 31 1651
84 38 1854
24 34 939
20 82 7041
6 85 4283
8 9 1053
69 66 8533
50 34 5462
47 20 5450
38 34 8410
16 14 2074
72 82 526
85 27 1196
65 81 4628
22 42 9652
45 84 5845
77 62 1544
81 47 8491
52 57 7657
30 28 6828
7 47 1435
32 76 6554
3 26 3522
26 49 1687
64 65 3223
55 58 2452
67 49 762
49 7 6954
26 67 8475
67 24 162
89 32 2074
56 28 3424
50 51 3412
79 33 588
15 6 3636
72 46 9036
66 65 7251
54 14 4919
56 62 5758
77 55 7364
66 16 560
58 76 9934
38 30 2577
47 21 2058
45 8 1359
67 18 5044
2 48 9329
82 23 4862
78 58 3761
40 7 6233
7 16 6959
62 86 3681
7 46 9038
86 28 8219
78 88 444
37 6 3259
31 70 9601
1 7 5087
41 52 608
22 65 6623
85 29 2404
84 4 2400
80 2 876
21 42 1549
19 11 4396
40 39 9352
49 27 2412
30 85 5753
22 51 551
82 59 573
26 56 4369
70 2 6747
19 63 308
23 88 4014
89 82 5260
40 83 1591
43 39 6979
73 20 6206
1 78 3902
35 3 7742
81 66 7471
29 82 4544
3 58 8239
1 76 1124
88 26 3656
20 53 4052
32 72 2653
78 55 1556
37 36 1061
65 49 8897
16 53 2072
2 79 2273
43 79 5561
88 21 8260
38 1 74
22 64 6462
67 84 3316
54 23 4056
26 79 3963
70 32 753
35 70 4013
42 46 3511
2 76 3814
61 49 5364
5 39 9870
41 36 7296
34 77 1237
74 52 5948
77 79 2176
20 26 7482
34 49 7828
85 7 2637
78 23 1656
22 86 2616
77 88 4371
36 50 1055
27 17 7201
42 18 9101
26 12 7581
36 6 5706
21 74 2203
9 18 4658
75 22 1592
56 58 1608
29 50 7763
87 60 1350
82 36 189
18 60 1771
30 22 2196
48 30 8870
12 30 106
21 28 4268
4 83 4398
55 17 1101
29 56 581
75 15 8646
6 41 502
69 60 9150
44 62 9508
47 87 7554
80 40 6926
1 39 7344
59 43 8761
33 41 1381
44 9 1380
84 79 9593
4 26 6115
38 69 5431
38 38 8512
48 48 5822
36 41 9698
69 83 214
11 85 3706
74 14 8635
19 49 6266
41 61 1771
64 11 2986
80 5 6078
29 68 8780
45 79 3067
55 56 1908
86 2 1753
80 79 5008
76 67 5521
43 45 5394
80 75 2583
39 2 1591
87 13 6777
36 22 9539
33 82 8271
66 10 6959
38 42 1665
56 44 1972
83 4 4440
89 19 8631
61 83 5020
34 52 2253
21 75 6715
14 37 3813
17 22 4583
83 13 8895
1 46 5776
57 40 2214
81 38 2639
64 77 4028
63 71 3650
48 40 4469
57 19 1666
85 77 438
82 55 2564
51 25 2143
22 12 9622
87 42 27
14 38 8920
10 88 3494
36 32 7640
74 46 385
35 13 7374
18 35 3571
69 5 855
52 4 9326
77 87 6075
76 66 64
33 89 9136
1 23 9451
85 76 7594
78 19 8102
60 19 9354
43 87 3194
67 20 711
56 67 8468
7 7 6132
24 20 1044
60 4 6233
13 28 4304
21 59 1454
66 55 7703
89 12 784
1 79 3538
35 63 5799
15 36 5183
54 11 32
82 53 5310
59 69 2694
26 3 4051
70 68 4845
50 55 7202
51 5 1050
39 59 6914
10 53 5064
40 8 6449
20 12 6726
72 17 3823
13 89 537
20 34 414
58 21 887
85 8 5659
36 42 4734
36 14 6572
19 17 8328
42 22 898
37 19 6563
89 78 3429
38 87 8841
62 89 120
3 26 3570
75 57 2184
77 72 1579
81 28 7044
37 53 2141
17 63 4856
77 63 4271
7 20 7516
52 62 650
26 57 2050
60 45 2752
75 6 3714
2 59 559
8 45 1198
69 45 7311
42 13 9455
78 26 7119
14 4 1658
32 24 6686
73 84 9230
84 48 659
77 20 258
68 65 3439
89 6 6588
45 62 3964
75 69 7715
8 5 6174
31 76 3678
55 39 5816
44 25 4402
54 51 8764
82 48 2675
85 35 4340
51 85 2503
21 45 9917
56 4 443
61 21 5314
38 86 463
40 41 2789
61 85 1894
62 54 1226
64 17 402
48 19 3951
17 75 9297
71 66 2582
41 33 7362
34 68 9742
86 44 2174
39 87 6873
45 60 9364
35 60 2248
47 88 595
38 14 928
71 48 8659
88 12 6144
85 50 7926
77 89 5260
57 41 5634
50 13 2499
42 85 2086
34 86 5503
16 59 7745
68 46 7557
22 1 2188
62 75 4197
76 65 6180
43 29 2589
75 66 9603
24 18 2757
7 22 7520
12 44 1583
67 65 9701
69 50 4905
24 22 1607
31 20 5193
59 53 9928
78 47 3994
28 77 5460
30 24 5568
31 82 6168
81 7 7840
79 4 1242
74 76 8604
66 79 742
6 8 5160
17 53 2569
2 44 1185
4 72 9520
26 6 1543
3 7 4242
77 72 9968
8 43 5522
16 44 9214
75 23 3869
28 6 2477
22 44 141
36 35 1743
12 38 8408
76 22 4930
75 59 8470
71 69 1344
40 63 2
12 33 7557
89 49 2017
84 65 3309
10 29 1175
17 15 6294
7 27 9743
58 60 6131
33 16 382
89 6 9308
78 86 9461
11 66 3706
56 44 7697
21 30 5697
53 62 1342
86 14 2659
34 36 6829
86 78 6347
11 4 8147
44 40 2067
38 68 650
57 46 3852
56 87 1161
86 69 6031
48 76 2139
53 1 5308
11 16 1100
39 36 217
55 24 2041
60 1 3189
57 84 8138
75 29 41
77 20 5309
58 19 6608
37 51 1314
44 45 7168
10 66 6124
18 64 4591
71 76 4493
54 69 1353
36 77 2135
89 65 1083
43 77 1468
11 41 4497
55 15 7875
28 69 2687
53 31 9076
76 25 985
13 1 5861
66 60 9477
43 30 279
48 2 9034
1 57 706
85 51 2480
75 32 9493
29 49 1593
36 84 3205
89 82 4505
76 85 7634
61 44 7498
47 13 5281
21 15 1134
51 29 9176
85 60 6074
68 60 3193
82 66 8536
68 38 5295
10 41 7384
37 81 3902
56 43 8332
48 8 2171
21 34 276
27 60 3080
79 39 9381
45 13 9607
59 24 3180
71 46 2423
9 26 6880
10 17 3936
67 45 4259
69 77 1980
39 65 4024
77 40 9316
79 5 9282
16 68 66
41 23 9555
66 89 7084
10 1 7027
21 8 1138
65 19 3053
13 34 935
38 9 6108
77 5 1224
43 54 6212
47 10 1000
88 37 7690
41 76 5759
83 22 3204
67 41 5826
2 63 3967
18 78 1763
40 8 7748
31 21 9617
87 10 7309
55 26 3464
25 67 4449
24 79 9916
63 80 131
77 38 7958
44 62 5865
62 64 4762
30 73 7623
34 81 9847
54 51 9035
87 10 2818
47 61 4293
7 35 2051
37 1 9070
87 77 5511
74 67 23
87 47 2363
17 21 2303
20 34 4658
75 47 8742
1 15 4
8 76 7855
6 21 801
21 53 1393
31 11 230
27 1 6077
48 47 6161
15 4 9867
20 46 2933
83 10 9520
31 71 1447
20 35 650
2 80 5887
35 39 439
74 88 8132
10 77 2061
77 40 8134
80 24 917
38 8 2634
49 15 4478
5 17 2016
50 19 3623
20 66 8040
2 17 2953
6 42 1484
27 38 5928
6 43 7966
25 61 988
84 22 5655
35 7 8136
4 88 2157
83 71 7200
66 18 6031
2 85 6409
70 76 7389
42 31 7478
62 75 1719
62 60 9914
49 69 4789
63 40 9910
71 57 6603
19 12 9543
43 17 8357
76 8 1220
34 67 8069
35 36 8801
34 16 9687
84 14 1396
75 52 9810
61 69 6986
9 40 7479
86 34 6481
77 25 622
76 68 9732
19 55 9168
26 38 8792
38 17 2998
35 35 7019
22 75 9880
22 40 9658
76 23 4910
11 80 336
14 26 5406
88 9 3458
67 7 1376
67 19 9735
29 81 9042
25 83 4499
22 8 456
81 61 5844
88 7 4357
61 55 6327
75 4 9006
22 6 2930
66 83 1586
60 46 2036
47 13 2851
45 33 9348
34 49 4173
71 48 2431
58 9 1343
41 41 9312
59 48 9770
73 41 1846
3 86 8457
89 52 2137
69 15 4544
14 82 2745
60 38 8887
73 56 2908
83 12 5535
54 89 1257
56 74 4680
36 34 8750
10 64 1614
26 88 9668
72 87 7920
26 88 9380
27 65 5657
30 66 7567
76 78 723
40 22 7826
29 38 1675
89 67 5989
56 55 2341
16 83 6776
42 25 2920
58 36 6064
11 36 5424
17 18 1963
66 75 8109
2 61 4102
7 9 2599
84 77 8512
85 27 3291
71 43 7047
39 67 666
32 50 6751
1 29 4977
42 35 388
63 55 8489
53 17 1685
20 30 9753
64 21 7569
43 62 6334
60 73 3290
30 88 9381
78 5 7086
50 66 742
11 35 3333
37 9 4906
71 64 4514
21 19 8528
9 14 2653
59 60 6013
56 37 5946
60 24 2008
28 85 6322
2 81 221
5 26 2834
69 69 1637
20 54 9355
70 72 7713
13 36 8290
29 15 6641
19 36 9954
73 29 2370
76 13 2346
39 29 4744
26 17 4013
1 63 8203
71 22 1937
32 53 7108
43 83 6814
36 17 7903
50 14 5866
12 5 9127
87 22 2237
22 64 9771
68 65 4376
49 58 1962
22 66 4341
47 32 5005
71 27 2501
37 73 1157
67 21 2717
61 19 804
81 79 5117
68 72 8752
57 27 4328
13 84 9130
54 72 2896
26 45 6921
8 52 2607
58 47 6127
21 40 441
14 10 6341
3 67 989
29 66 1879
37 69 729
5 27 3307
31 31 2732
82 23 581
8 54 7783
44 48 8783
30 61 2046
74 31 1433
69 15 4444
85 83 204
9 64 1167
46 59 8007
24 59 7610
37 10 4133
15 25 8826
76 27 3018
69 30 1406
20 59 3788
59 53 473
51 81 9176
34 52 7062
19 79 5443
42 87 1
37 38 1367
42 32 5060
53 82 9060
33 55 93
49 71 7888
10 60 4484
49 56 5004
73 9 9882
32 13 2769
82 84 4506
54 42 9628
80 43 1779
63 23 6473
1 53 192
48 64 4594
10 26 4814
57 34 6799
8 31 8159
55 6 3523
82 23 9559
8 8 6243
62 13 269
16 46 9613
7 84 2428
29 26 3784
22 42 438
57 50 9485
81 18 3977
46 54 5649
61 61 5517
68 70 7532
56 27 1766
83 10 6427
27 71 4693
10 34 9262
66 78 5789
77 63 5531
84 78 3451
20 24 2973
32 41 6880
47 30 9305
64 89 7015
65 33 3794
45 54 5627
50 16 1629
55 17 8836
62 79 6053
44 64 1766
24 10 9304
20 45 4588
25 11 3702
8 5 5886
4 82 3557
82 80 7703
10 63 1197
12 45 4
51 82 2688
67 56 4293
13 50 3662
85 52 4119
82 17 7207
41 1 8858
78 78 3664
39 80 1726
78 79 9888
33 22 2651
83 12 5552
42 71 9273
60 61 7450
26 56 5015
29 74 3792
49 57 4216
83 7 7992
13 37 7079
80 63 6549
33 14 4348
30 13 1498
28 69 8025
49 37 8944
57 36 3229
80 12 4797
1 52 633
67 54 3245
57 65 5292
33 56 8726
16 41 2673
17 74 5946
48 73 2858
17 69 1194
9 13 1460
3 53 6857
76 20 4616
37 21 7761
79 70 7334
80 32 3993
8 36 1202
3 78 7868
38 85 8046
36 25 1073
35 45 182
21 2 7267
38 68 9790
63 30 5278
46 70 5033
55 48 2483
43 70 4546
22 11 8222
39 66 5309
43 9 5688
7 33 2248
7 14 556
3 74 7051
58 25 2438
83 10 8687
16 66 8702
6 89 7447
61 13 4686
70 21 5348
73 42 2430
74 26 4277
47 57 8542
49 89 3145
80 40 4725
51 56 2023
65 9 8152
64 33 4135
69 65 174
50 68 9033
41 71 2568
76 84 2086
54 31 2393
87 53 3758
61 46 2767
1 10 7498
42 10 3981
34 75 4460
17 14 3141
15 40 8592
60 39 7028
32 10 4246
77 80 3502
70 20 633
1 52 1377
5 54 1993
13 15 6395
9 22 2167
45 42 2819
53 22 394
50 53 4068
65 72 534
13 5 2416
2 84 1230
86 65 2820
1 67 5421
75 87 8043
64 5 8490
64 33 612
37 2 1558
77 26 9831
6 4 2204
31 71 8428
84 13 5931
5 48 7361
80 88 841
13 83 8662
79 49 8033
9 12 5192
82 68 2377
66 83 4709
36 78 8345
40 1 6303
41 20 9728
58 45 8406
12 23 1413
9 42 1701
34 37 8799
16 39 5220
64 53 8279
74 85 2388
65 89 5003
27 10 3666
22 43 3217
15 8 4712
43 25 8204
32 76 7123
4 24 7081
39 22 9938
6 87 9001
49 37 5373
74 32 4843
62 55 2093
67 13 9682
58 68 1503
32 72 4533
51 12 16
38 37 2335
89 8 6592
14 53 3165
89 74 5700
38 40 4039
12 42 9706
65 40 2261
73 69 1735
36 21 387
69 3 6326
67 83 5762
6 4 9490
75 35 7428
56 64 9705
1 16 5257
64 21 391
32 85 2211
34 87 2734
38 22 4716
15 9 1327
24 28 5064
70 37 628
27 17 5172
81 19 8658
6 70 1373
52 75 8523
89 45 8335
69 52 7591
43 58 9652
38 60 1163
46 84 9404
75 53 3982
41 51 9207
39 9 5125
68 18 4837
73 39 5499
46 16 2223
13 87 1197
40 63 4284
42 17 4133
15 24 5990
40 76 7351
55 6 9497
71 30 2511
12 19 1521
14 5 6721
26 58 6820
70 19 3862
30 53 1321
44 1 4689
38 8 2062
28 47 1308
81 47 9194
77 21 3056
6 19 3301
57 61 7571
4 11 6254
3 17 4149
76 27 6552
69 77 2925
88 39 9514
28 41 6246
73 58 7544
59 68 5235
25 48 3561
63 55 5292
35 10 9632
66 12 4388
44 56 1688
61 64 5558
60 9 4918
86 10 2192
86 55 834
59 40 5729
41 15 3075
13 45 1733
41 67 6702
29 62 3685
45 83 3247
49 76 488
67 54 1702
58 77 4339
55 79 1393
59 55 9671
43 79 4425
18 34 7436
25 5 3334
88 33 702
66 14 9891
30 80 2197
63 53 5888
13 71 8968
68 45 347
88 80 2745
84 2 4209
76 20 408
85 70 7566
61 55 6751
8 86 6008
33 80 5368
15 5 2571
70 22 2477
13 19 7388
86 9 4193
22 32 4815
60 57 940
16 82 7126
88 61 2394
47 3 7810
37 46 1325
22 79 5844
20 46 310
66 6 8321
53 88 4491
81 5 1788
62 24 4633
31 75 3805
27 2 115
14 27 926
42 46 3354
60 43 8597
50 49 609
8 24 5678
51 56 9791
15 4 5216
84 11 1660
20 18 3983
88 25 5716
38 32 6222
5 8 4388
71 67 5364
62 33 2941
60 26 5295
36 59 4954
81 33 4244
1 67 6302
37 85 8964
17 83 8319
22 8 1388
84 85 5705
17 65 6133
76 15 3681
52 14 4170
44 9 8487
70 14 6211
66 5 9347
67 15 8663
25 61 4217
53 44 4063
89 37 748
64 64 7221
7 84 2560
86 23 7051
52 34 8722
66 35 7129
41 69 6506
41 36 9168
35 9 4535
7 87 4171
78 22 5264
53 77 7360
50 76 1716
44 89 972
72 41 350
1 17 1197
7 18 996
40 75 3527
7 65 2577
10 6 6073
77 46 1204
76 4 5772
77 17 7143
47 73 2176
38 62 8105
60 74 8809
79 45 8067
35 84 6003
65 79 7265
88 43 3146
75 26 2415
54 25 9447
59 5 1230
41 27 2691
57 57 1094
84 34 7230
30 32 2799
84 51 3323
38 53 3426
58 17 8164
21 39 1761
11 80 8635
36 13 5507
85 46 1645
83 49 7478
62 66 744
61 63 9568
14 81 9133
18 43 228
8 34 7070
11 81 3890
52 29 2839
27 81 4321
49 53 4830
48 67 2622
21 84 5659
73 18 6956
75 53 1369
78 66 1682
45 34 1162
59 72 1838
88 1 5469
37 68 1956
57 7 2348
34 64 610
72 29 7760
26 15 6231
34 72 2245
18 34 8802
33 82 283
77 22 1902
71 6 147
65 43 5972
63 57 2265
87 54 789
5 46 876
72 33 4580
73 50 2768
74 84 6845
9 39 6102
15 51 50
5 30 4959
42 63 1768
25 47 486
75 69 9327
9 48 521
83 55 629
18 35 2749
20 69 1443
16 23 7250
68 15 7085
56 60 752
20 58 5282
46 64 6040
18 40 7070
82 57 2679
35 81 7408
32 60 2180
25 71 984
1 22 6969
49 51 4081
65 24 3137
65 33 3718
28 72 5046
59 1 1414
15 42 2667
58 51 7806
52 3 8614
86 87 84
43 17 7004
64 59 1628
74 82 1088
24 69 8406
69 10 1076
19 80 7323
58 23 8605
28 1 341
30 19 6679
38 6 84
28 70 8831
74 79 3318
10 81 108
33 48 2683
7 52 6668
52 84 2277
36 58 9907
17 68 7960
63 57 8496
58 81 8992
87 4 3959
7 17 99
52 84 2946
71 5 3990
10 55 2725
17 4 7698
81 60 6469
32 2 7344
45 39 9547
69 67 5607
9 70 9554
8 33 6287
62 55 3588
75 84 405
34 84 5060
84 61 9320
84 28 323
25 1 5091
30 27 2389
85 40 109
11 58 79
32 1 1412
45 3 1272
81 39 7645
58 4 1855
69 85 6469
3 39 871
61 45 7198
30 76 3990
83 31 9095
23 72 8142
58 67 3273
74 33 2129
24 49 9599
60 50 9015
3 54 2503
45 45 6223
87 74 1403
15 51 4471
42 13 4634
39 63 8096
67 2 1127
69 66 8457
60 36 1341
29 41 1761
40 19 2865
64 86 5434
63 37 4591
15 21 8630
80 82 6424
39 18 4326
88 57 9373
3 3 9369
6 56 6540
57 63 8353
78 82 32
14 58 3731
82 24 1553
89 88 3688
64 62 279
47 21 8154
32 45 917
76 85 873
3 63 4245
6 4 9514
66 39 6164
5 16 4080
80 30 524
7 30 983
37 81 8360
57 82 6629
18 83 3627
21 19 1761
47 73 9190
78 35 8451
72 10 8630
27 21 3705
16 26 199
80 50 6073
79 6 2101
55 31 4644
14 7 7795
70 62 2503
33 41 4735
19 26 7837
73 68 3364
44 20 5873
61 6 6630
80 40 9697
80 4 6169
29 62 2744
13 50 5286
11 7 4133
58 75 5369
64 68 5162
30 28 8138
69 77 1658
36 87 4362
25 52 5415
47 20 8655
50 47 8997
36 84 3602
10 54 8662
39 57 9053
51 15 3320
41 46 1437
21 75 7191
76 89 8465
40 29 6245
21 79 7871
8 85 58
63 43 272
73 32 1877
23 41 3564
44 44 3376
1 55 8025
14 3 6180
84 5 6821
28 68 7777
89 66 9673
71 42 7503
38 62 3669
16 24 6798
36 7 6308
56 87 1072
5 49 3131
87 3 1465
25 35 5569
76 43 6202
9 3 5578
31 73 3121
25 19 9958
39 32 9665
18 77 3664
27 89 1043
54 75 646
55 34 5500
2 24 7395
85 51 3469
70 24 5320
69 83 8078
21 83 1778
70 5 9685
81 35 841
77 38 3793
22 23 3209
21 26 698
24 74 5235
67 77 9732
61 81 5046
28 78 8297
59 45 9167
38 46 5926
63 64 9755
82 87 1907
2 44 8201
65 25 2756
63 63 9156
6 36 1149
55 26 9394
74 66 736
48 58 1852
41 73 137
46 42 3355
29 42 7027
59 21 1050
42 69 3459
11 89 1455
43 42 357
88 31 7248
37 73 8911
19 56 3361
17 14 8074
32 59 7622
50 80 3697
50 59 3319
50 14 416
26 50 8564
10 51 6589
85 73 9287
54 42 1238
28 7 7679
13 7 7040
34 5 3969
72 26 7535
72 70 789
81 58 6959
10 88 7212
77 75 7607
75 6 1595
10 73 5871
86 60 8548
31 30 4950
80 38 4806
70 52 2229
57 85 2996
57 76 2531
5 25 5304
49 40 6511
43 28 5072
67 86 8203
86 20 7997
17 75 5202
71 11 917
56 54 6979
32 29 4310
9 29 5590
27 19 6068
66 83 2794
35 57 6580
89 33 7696
42 60 27
61 45 3618
22 20 328
3 16 3903
5 13 7942
37 44 384
49 13 9947
30 65 1977
73 54 3751
89 75 4227
49 56 105
51 46 2662
68 7 5281
63 74 8482
59 59 9490
65 59 7997
65 27 9961
10 35 2266
89 59 6403
88 74 8318
45 39 3936
73 14 374
7 7 1761
60 77 9633
18 40 6012
84 22 5711
33 39 2247
54 45 2541
24 50 7990
28 20 7463
63 46 9330
1 86 7340
44 69 7001
63 31 6129
63 75 8410
23 17 2461
23 28 1032
2 21 6323
85 83 1059
51 57 1513
84 67 688
60 19 3087
2 39 8612
50 85 6075
3 73 5151
87 85 7534
14 81 7767
26 35 8874
37 19 9492
4 84 6958
8 15 8594
63 37 7913
18 70 5497
15 17 9230
47 12 1316
73 41 9554
28 59 3597
15 52 2600
12 54 579
70 26 5406
86 89 2998
76 43 4751
33 50 1237
76 31 600
61 2 3911
66 21 969
79 32 7772
38 5 9971
12 27 6493
19 23 8223
87 85 3079
17 12 8489
44 84 5056
53 3 2066
46 50 1478
18 15 4342
10 88 1495
35 62 2096
73 19 6622
63 57 4660
73 85 3756
11 39 4745
81 66 7629
89 72 9080
55 75 513
26 20 5387
35 58 9023
74 56 685
61 28 5554
78 56 2309
50 57 9953
76 87 2560
83 62 6620
50 22 1546
44 80 4613
58 84 925
35 88 6926
6 7 2212
32 65 5767
58 21 1208
87 3 5359
2 51 9979
56 25 1774
1 56 8654
31 83 6351
20 6 6454
89 73 2871
87 51 7678
62 65 961
69 44 4882
70 49 3693
15 14 5218
42 21 4616
67 88 3937
74 40 5229
71 57 9282
74 74 8593
56 8 6022
36 12 5129
45 83 1579
9 74 689
35 83 5214
