000000 999999
999999 999999
123456 654321
135791 246809
123456 234567
123456 987654
557657 662132
789403 168639
377542 464607
796694 546537
050122 711777
402046 158510
464359 155947
333266 214587
983455 734704
833134 472943
677601 977314
677519 664008
574953 191648
914090 070411
773814 728344
309699 844777
178396 805676
175441 259579
203639 149461
721464 374494
220858 335685
263153 928634
253969 712532
138290 281444
198268 776627
940889 828610
441320 507562
316725 223641
495893 323265
717713 415718
586666 291131
261800 920630
139135 013138
948419 888300
377961 021721
150593 420471
506535 546149
556404 810523
836540 836486
735710 303364
487292 366774
600665 320919
615521 080141
466843 650909
803403 758355
292256 221307
056186 271975
504038 869656
846058 629647
551087 325855
220974 208196
358819 394641
061743 988645
381499 381099
624674 497220
745938 003450
429428 944746
996626 806902
523908 249277
639694 884939
761226 576614
557517 627295
723103 610258
444003 700102
696673 862535
594631 158144
006096 047420
421953 931504
893806 880302
924350 146485
058684 243005
339722 415831
270011 035678
145121 611621
492291 011521
247780 952222
506198 826717
233020 149584
351706 259691
716500 706672
290952 138960
204467 436395
089434 427717
123290 740713
994245 294644
905921 375590
445521 063795
739667 992705
818971 427749
297125 899512
777804 070534
673059 944796
649654 775089
302818 953725
401457 290813
190439 743642
920845 630095
289681 878094
604831 385136
062594 093864
761875 317760
763760 241990
712119 367971
895038 963271
854416 524340
422794 506496
086799 560518
470060 610169
326606 231040
334504 418622
259814 363460
176336 195195
286291 734677
621135 880697
404517 959062
590841 973347
179473 883093
435050 731951
668718 912643
562301 178452
593557 990831
278104 454935
136310 037156
210348 169272
012600 924636
182026 881061
604160 031118
121403 912820
259526 214638
196036 883676
371726 275409
135774 941716
444363 432643
779495 965452
113255 498797
277580 271540
886236 863818
369399 061035
360324 339855
347967 518639
422801 349802
593822 518206
869063 597209
184224 154087
608244 225531
952582 195372
849267 551815
928525 687215
578099 416994
816569 693699
200689 924924
284132 282569
137068 297622
219550 999975
336469 486015
422348 871274
496302 209663
573969 577489
596976 467630
477839 009106
343644 230920
601023 464305
173995 996377
999072 085834
720800 323694
953611 203627
803226 759247
133432 980729
958498 005746
712928 069864
740203 288460
570125 600975
822361 304391
576743 707858
209154 227876
897705 702336
738989 005643
590296 708866
626936 257188
589197 815556
315660 435110
916692 470537
270455 798495
178196 262215
213803 476374
425584 752070
236699 164292
511078 540126
622236 972670
639227 781264
701173 434370
670670 239458
640703 413354
915342 897956
842804 650496
098824 650401
241162 221417
757328 719281
612082 526432
538868 297258
